4006
6095
9976
9201
7629
2437
694
9254
2381
6202
176
1989
9844
7913
8200
8718
9176
9543
6732
1698
7153
6380
8580
9294
4564
6719
1045
8296
2889
9740
2019
6340
1886
6645
2851
2420
5060
2499
2334
4474
3351
71
7377
8331
5308
5313
3505
6819
9570
6507
956
2366
6459
564
4523
8122
1988
1205
7204
2503
1856
673
2764
4551
8323
5213
3770
5512
2954
2153
5062
8827
7560
3451
2992
9424
3658
1639
1597
7152
6668
285
5307
4535
4613
9151
1318
7068
8413
8508
9204
3582
4624
3054
2251
4172
6554
9325
1794
5105
6241
3406
1476
7547
3923
6635
1361
4310
4420
6464
62
5178
2233
7807
6077
4078
3587
8225
3736
7767
1635
5274
6647
6385
2620
3608
2753
6888
1191
4487
7935
7155
751
9731
7003
8750
1820
1292
4167
7651
3437
4303
1691
8773
1630
3799
1542
2632
714
9887
3701
1200
1561
5938
6866
1924
9370
1713
6068
4302
9677
3777
4196
6467
3703
9982
5711
7786
9416
3056
999
2762
297
7289
7253
5428
3438
3399
3977
9130
1868
9020
738
5482
1780
648
5497
2764
7325
5344
8663
932
1872
4301
9558
4819
3965
8819
8021
6001
2043
44
7030
4751
8012
8945
1185
9260
814
3396
6955
8966
5886
4541
3474
1947
1032
9887
5775
4139
2201
7942
5102
6155
1477
2368
8505
2921
1620
7125
7808
8455
5048
9236
6805
550
6778
6987
3748
5185
194
5906
1376
1554
2164
8149
4025
5413
7479
717
9449
4519
9730
1849
4525
6010
8288
4718
5553
968
4466
6248
2356
8753
4819
6076
9499
3636
8103
7228
3505
2902
8092
2549
6780
8337
8675
2153
8155
3564
9240
7956
6539
131
44
781
9049
7587
1348
4811
7858
3972
7594
4929
8054
9171
5217
1000
8635
6459
4903
2039
9933
9808
7827
129
9635
5543
2221
2908
9133
3349
4877
633
4825
7859
4219
3445
9685
9627
1174
1403
5583
4754
3424
4643
5289
2497
9478
7419
6792
9457
4670
5329
7163
5730
6345
1274
3256
4569
1000
7922
4658
948
6634
7840
887
6827
8707
8917
6070
6661
9225
2305
9405
5348
5768
6691
3553
3758
5637
9339
4791
3177
4016
9373
8799
4578
5442
6708
8224
7225
3862
6688
190
3357
9988
3501
8168
3760
9096
4914
6414
8406
8210
2323
2256
8784
6230
7699
4114
8943
2019
5834
2332
7927
8177
4511
3869
6050
259
7890
8207
6733
940
8009
5349
6243
9583
676
1185
548
9870
5247
1267
8114
5172
9764
9020
3864
8158
5114
2769
4679
7187
6110
8394
9247
1893
2460
5738
6150
4176
2106
2633
4520
1103
113
4956
7067
1358
6409
7574
8557
7273
48
1144
2652
1764
2791
7765
322
6580
970
9216
1260
4426
9657
3222
8197
2416
8023
2024
7635
860
8990
7345
1822
9826
1725
4902
5416
1189
3536
1819
4878
4398
6122
4322
6953
4469
4354
4334
5089
412
3079
2998
5551
6220
7808
6421
5582
4022
5365
6670
5741
2715
6676
1420
739
3768
4161
9959
3072
7961
205
5876
2747
6799
9121
1204
61
3084
2231
8604
825
4986
1669
3220
3863
7723
1335
4745
4764
3708
8905
2061
5608
1075
6670
4542
7387
3191
9919
1828
8580
3838
8243
4180
4856
3857
7735
9794
4860
5372
8731
3971
975
4146
8025
1328
9974
8478
3091
1542
4645
9204
663
603
9575
2789
4705
4187
3563
2833
9469
5600
747
3687
1944
7440
9753
7016
7011
2336
2921
1866
4562
9447
1669
88
8583
6589
417
6759
9397
1298
5820
6547
7764
5403
6991
6679
3969
8902
4149
6988
7231
5391
151
8057
8398
5276
4915
3897
2598
6579
7496
7786
4112
6875
7457
9937
5489
2047
459
282
4724
1231
8789
653
6259
1345
9427
9213
7954
8565
1279
7627
7640
2166
1469
3415
5546
9531
8313
5510
5206
9150
3647
7679
441
4276
9158
1823
46
4955
8154
7788
5923
9074
5220
2871
9705
1633
8408
8154
2984
858
4108
8481
1356
6135
8288
7830
5425
1843
302
1236
1398
37
1792
6493
7089
3494
4856
535
9775
6724
3679
625
7990
9535
446
8835
5945
128
306
4499
231
954
1824
9476
6016
3112
5205
4729
2421
1878
6712
3256
3643
812
287
5001
8652
8437
4779
5373
8378
6542
401
6028
7632
8825
773
8583
4871
1985
9285
9804
2130
8360
4975
9815
6183
5565
6880
2229
9307
777
9546
6036
7656
8680
7777
9895
61
453
1891
278
3907
7085
2978
3233
3639
710
4863
1685
3576
905
8228
3431
2751
746
8141
7902
8918
200
4372
1357
7591
1616
7945
4334
8994
1436
2810
2826
986
9705
4741
6164
4284
8614
9079
2229
2477
7656
7087
6402
4368
1978
9604
1675
7024
6562
111
8845
1120
9439
7623
8902
1869
4126
4999
2600
5996
3660
4046
9527
1637
8150
1427
9180
8476
2332
4499
2380
7992
3764
7657
2915
8161
8442
7960
9498
2299
181
7160
3383
7081
357
4138
228
5792
1033
7530
3848
5626
2189
8672
7873
5460
4048
291
3875
1220
2131
9995
3945
5258
5374
1217
8810
865
6733
9525
6856
7682
9479
1131
7234
7814
4687
308
9290
2038
4995
9828
3568
2145
8098
6005
6972
4297
9963
904
523
6122
3840
7059
1233
2312
8857
6667
6765
4324
9093
2623
4938
7594
1339
6974
9025
1530
3583
3511
2268
4834
6225
491
8518
9364
9855
2817
6958
313
1226
7190
74
4322
966
7166
1223
5094
8106
9100
2719
941
8136
8841
3332
2167
5143
2373
8648
4954
3579
9431
7583
5543
8006
386
4204
5864
5688
4919
7096
5800
4370
849
418
5854
2537
1857
9488
2968
837
3910
7187
2048
7065
7720
4409
93
8637
8594
7851
8489
5287
8410
7639
7162
7480
1950
1832
5680
8066
7644
3793
4458
1431
1501
5001
2133
3789
4400
7807
3810
3774
5727
6943
3730
1980
304
4045
8320
1794
2618
3134
3164
3413
9826
9655
112
6089
5025
5709
8176
2800
5283
2187
435
4221
8895
7217
8408
6247
9582
2729
8855
2057
7626
5366
726
9718
4453
4149
6772
2234
1298
2645
8725
475
6339
6467
1403
702
8625
4702
5277
8502
4018
474
5191
6360
8186
7968
6413
8762
2384
5010
4285
4825
1643
1403
624
9658
7258
581
9229
2152
7741
789
8923
7100
7923
3712
7936
5467
8288
4977
1530
9721
2043
2419
4009
5147
114
4664
632
9834
7482
8108
2566
8676
5926
724
9781
4716
4627
3824
9103
8705
7967
8720
639
3452
4932
4146
6691
3268
6660
1497
9644
5836
3058
6105
7631
7675
7771
7727
7452
892
335
2974
7016
6348
6704
3716
6697
8064
1494
1403
4077
5897
3308
8907
3047
4544
8266
2940
9992
2508
6960
2442
742
6467
8844
2769
9755
4892
2857
5016
3485
1666
52
7418
5989
8821
3371
2031
5487
2683
1205
4809
2125
2628
3208
1930
7783
9243
3035
9299
499
5384
3192
8871
1037
7106
9789
5519
6147
7202
9472
7398
288
307
2077
1780
8531
8869
4749
6568
2091
8528
4
3711
7201
4950
3639
4641
7378
3297
9305
1626
4791
5948
673
6358
6739
8558
1673
2598
5961
1664
8213
9423
136
3696
1581
7297
8708
3550
2921
4821
2465
4292
1513
1968
5374
9074
7806
5973
3772
7815
8248
4550
5738
6956
1405
7274
2687
3898
5939
666
4674
732
6986
1254
4553
3327
457
9941
589
7349
131
5193
806
5833
70
3505
4408
5885
4352
456
5082
2704
5373
442
8175
5563
2482
2471
5682
1002
7984
2496
995
8936
5781
2879
1192
7043
7716
4131
9074
5886
559
7032
7870
8389
2191
1061
4595
3371
433
9519
4335
8272
9020
3611
8649
7934
6626
7953
6018
4483
819
3868
6318
3817
7081
7822
2520
7968
2548
160
1367
3101
3266
4806
7563
8971
1481
9265
4803
3392
7829
3070
4575
843
7017
7229
3069
8921
355
1068
5475
8599
8513
289
6408
1154
5898
9126
4622
1194
7131
2431
783
5365
7310
951
932
3616
2472
6936
7196
5424
7568
746
1343
6662
5767
9283
3952
7952
5096
8988
9032
6877
5006
5620
6436
8217
9916
7549
9821
2246
3997
3172
3776
3659
2633
1663
2874
3750
3456
2895
690
46
294
741
1651
5092
2091
4913
3684
5527
518
1173
3061
5398
4589
8760
9192
240
5476
4726
106
6823
4911
4261
3069
7139
6630
4322
3555
8355
8244
7226
4025
1295
9740
1829
9389
233
7497
5068
94
9441
2703
7771
6287
104
7635
9538
4887
5868
7572
437
6264
9745
645
3571
3881
177
1209
8676
9027
2667
5977
2524
1220
1463
1812
7676
7108
3593
6964
5064
2626
5396
7113
3890
4521
469
9060
9829
1300
4064
4626
4846
1595
4105
5107
7685
1802
105
5414
7769
3580
2416
6211
6009
2057
4761
4212
5168
1641
2473
5697
9592
9876
7201
6518
5214
7223
8132
963
4822
6469
5394
2673
1061
8376
6098
8348
8173
7394
9118
1233
8294
4277
280
6645
1622
7770
6139
9775
9491
1522
6700
3091
336
3271
5023
6428
4900
8782
4598
8134
5048
1836
5716
3509
6446
9970
6416
9589
5183
4214
8773
1455
429
4367
2326
2484
6631
1645
8959
9401
7947
4594
5542
2783
9093
5633
6993
6302
3702
2562
6609
9486
5728
1343
2363
9554
5197
7454
9080
7233
6368
3562
6882
5170
8179
7008
319
1139
7279
3060
6074
1542
6746
1054
4860
9097
9851
4117
490
8385
7737
9541
5176
4130
9713
6640
1915
780
5894
9183
4124
6069
9459
8178
6873
2624
8252
9884
6725
2216
3539
3732
5168
1147
1126
8457
4433
9573
7317
8982
6927
5031
5825
9854
4975
5380
3968
9060
5864
4712
4910
3929
2322
1589
3965
786
7917
7708
6733
806
5582
9188
2902
3761
196
1642
6690
2280
4585
7414
4408
7562
7956
7173
819
8910
4715
9144
3425
7711
5989
377
5735
5201
6462
4197
2738
638
9156
2506
8760
8002
2542
7310
8685
6223
8988
7193
3937
1966
281
145
2535
4179
5181
4112
6865
9947
8671
1332
9191
7157
2344
4386
6054
4538
2770
9592
9013
4090
6576
430
4242
4084
1463
2264
5611
2386
5050
6235
6857
6175
867
9945
4503
5142
9533
2683
6192
3048
2975
8682
8726
8266
6227
7321
2367
7752
788
2691
3450
5882
6821
1405
4816
2818
2207
2343
725
4782
2835
4340
1053
9056
7293
195
5611
631
4969
9386
2645
8826
4831
2270
371
5249
1306
8594
1542
1216
4327
425
166
6209
1641
7401
2116
9693
9433
7726
1710
3478
8154
2952
4993
6532
8619
1939
9256
4490
4661
2961
2034
6692
1892
3494
8898
3984
675
9855
2752
966
8992
9967
4653
9445
3038
2856
6611
5179
8953
9634
8651
9264
4757
3804
7144
9152
5999
3724
6145
3491
5029
5332
189
6843
4561
20
6
5449
8272
6885
1615
2797
786
2185
6098
536
1770
5309
6674
15
9684
6583
7663
8271
1462
6370
824
3063
5967
5955
1659
2742
5101
2056
6872
6018
8587
572
6660
8002
8262
6249
4856
7881
4929
394
8889
1039
1951
7404
1859
4126
1261
8753
7279
5398
3698
4784
7636
3901
238
508
4121
3399
9120
8431
7401
2381
3156
2387
9087
5453
409
8798
688
318
1297
1767
8520
6735
4545
7225
204
5691
6440
7571
7391
6346
9245
7785
3216
5287
2113
8379
6624
7209
3539
6063
8370
6881
4818
3981
1899
3167
3533
1464
9833
3857
6294
9444
9376
2858
1430
9992
5007
7482
3626
3410
2834
2095
138
1649
5088
3752
7642
5427
9764
8082
7386
3195
8249
8321
9608
3166
414
6317
1317
4139
4041
5958
4181
3652
1528
5509
1984
7278
1170
4304
1478
6737
1420
234
3375
9804
8360
2869
4207
4264
760
484
5001
6439
3968
1266
59
4969
6793
7913
8775
3899
3346
1024
241
7180
1153
8916
5796
6509
1960
8641
8240
6437
4722
3197
9534
3790
5420
6513
8452
4240
2416
2037
5923
1815
621
9415
3245
339
9043
6424
6725
7020
8250
9219
6111
1616
1858
9690
1414
827
6148
927
4908
4290
600
3485
9388
1596
2400
8624
7979
8509
8594
1175
1741
5168
2435
996
7236
5568
766
2094
1396
8467
9571
804
9777
7123
7741
9773
3098
1115
2060
7216
3119
7563
2945
4717
7484
9224
8824
6695
8762
5555
1279
6303
2667
6612
629
1390
6820
6147
5534
1086
6503
3506
3347
9574
4909
9338
8294
6240
7267
17
8211
3224
4172
7765
5185
6147
884
6120
2264
4330
5492
6040
4173
1777
2017
4361
3497
5064
1279
8641
8376
5630
579
1519
6109
2893
4855
617
5058
870
5062
1905
988
7658
3719
7508
8990
9362
2294
863
8756
4955
2925
5726
3408
913
6899
8802
8642
1095
507
7933
6463
8337
4893
4637
2372
6238
5153
6643
3748
2805
7431
1184
685
8282
9348
5291
1321
9261
6471
33
8353
7312
7594
3049
6411
2995
8564
5139
2164
3406
8571
4252
5160
8874
9319
3040
8990
1500
1537
2925
9905
8255
7146
1008
921
781
6536
3935
9529
4650
4667
5458
9137
6557
2270
6287
9923
5547
2489
7232
4466
4722
339
4626
2199
2111
7989
5085
1710
2636
90
2875
1901
8841
2402
3175
7364
486
6678
9636
1007
2971
5046
1799
4489
9029
797
5361
4267
6141
1894
1757
2066
7813
4488
7891
3695
4018
3709
7862
2119
6017
2080
368
7467
4152
9365
184
1602
4202
5250
77
1026
6549
4795
6290
7053
1692
5676
5142
2184
3804
7343
9919
8855
4238
5917
3058
1940
6344
3089
9761
575
5296
7176
9425
4751
9406
4277
7527
791
1116
9345
2351
1347
4733
2799
7881
3249
9831
3310
6896
1213
2926
8839
4072
1477
3886
1974
5012
5851
6341
454
7921
1273
971
4165
5538
7966
3568
1815
7336
8679
9344
9798
9806
8905
5781
8470
7583
3546
2121
7415
1364
5231
5685
9412
4606
4160
2971
664
732
9672
2557
9760
9706
8713
1897
5467
4118
3788
1746
6782
6720
1590
2507
6469
1533
8102
8306
5732
8216
2330
2070
1035
4454
2241
7927
9432
5380
4012
8361
8198
7439
1502
6500
4339
1648
4547
5819
6447
7074
4236
5335
4624
2049
7544
48
1634
785
2094
9624
4108
5368
5431
6963
4959
8201
3080
2742
4311
8478
7661
9275
4884
8561
8322
1310
4658
3351
5818
2936
7572
26
6659
4565
6223
8881
4929
3124
4770
9550
4054
138
5780
6931
8995
3987
2726
706
5560
1015
8215
5760
9175
7349
358
3381
4487
8191
7554
9811
7236
3889
8670
8593
2900
1487
3408
9459
7957
4106
5448
6775
3073
6398
5278
78
7907
1163
2292
6868
1284
6974
4922
4191
4862
2988
8913
9104
7538
7962
8071
7753
5652
5244
625
5324
6516
8200
3207
6107
9784
4486
9384
5329
1684
183
7855
5051
6380
46
3213
6213
608
5295
7414
797
9350
7379
6056
5654
8550
7669
9941
1324
4110
5884
9042
2990
5526
1878
4695
5725
4302
3693
5431
4495
4371
8152
2250
992
3616
9457
486
3271
5809
6862
2717
3168
1123
8222
5167
187
8728
1363
559
9920
2694
3590
9123
1228
3215
7595
2710
989
59
7122
8296
8503
7825
3751
3205
3984
7061
295
3090
8830
1451
5951
1955
7691
8650
8162
4442
1634
2427
535
8251
905
2464
7005
7931
2250
6226
9036
1446
6432
9331
2378
6927
458
307
8854
9058
9839
4365
3012
3654
911
4721
7142
1886
754
2189
5299
4878
7663
1012
6022
6731
9867
785
6966
3259
5436
836
6061
2220
7576
3786
9320
5792
5279
6396
3210
6518
6402
7534
3469
4708
7550
4856
8118
8112
8505
9841
7219
6654
2488
310
3076
5508
5770
1627
8628
9897
4517
7336
1906
1115
9419
4357
1024
8176
8712
2608
7959
517
5179
5659
1573
3234
6607
5235
8549
1550
2276
4810
8057
2095
1807
5382
8037
4649
8235
7139
5659
5336
6474
5299
2783
4441
5260
1478
1255
610
2650
7589
8017
4754
4256
903
3585
7331
1845
5511
8501
3868
7160
4077
9062
9731
3064
8760
6285
4800
1472
9725
9008
972
4782
8841
632
7592
9471
5762
3792
4730
8552
2220
8540
7459
4179
2952
8276
4828
3460
7223
3883
766
4487
6524
320
6704
4601
5183
2736
491
6703
9981
8422
9930
1670
5469
9345
9149
6968
6334
8272
7565
7848
6076
124
9594
1482
2241
3922
3071
9218
1336
4124
2215
39
5180
7050
8745
2004
4399
2674
1407
4059
7719
2322
3333
7430
8579
366
7436
2972
8780
5994
190
5979
6614
4565
5580
9768
7062
1856
7010
8401
1149
3226
4444
1691
6210
2329
2963
653
9389
8775
9776
136
8976
7719
8481
6033
8944
9058
6777
1229
2529
1427
2929
728
129
9355
924
7489
9450
7329
8457
1782
8763
3066
8753
1975
2016
6288
2672
6282
4541
9411
4769
1387
6106
2953
8178
1453
7144
9635
5399
5361
1362
6381
5274
9585
9903
7201
2496
3290
3187
7754
8230
6980
693
6416
186
1712
3803
5380
7991
3613
3026
1257
8440
6934
8330
8717
3981
2043
3230
8019
8443
6779
9953
7999
5182
9643
3540
8877
170
4389
7748
6494
4895
1040
4336
1391
5867
5976
8248
5416
6457
6666
9409
6015
6903
6159
2661
6358
3989
4818
7207
4215
5321
6671
1540
5882
8496
8297
3733
5681
1119
3480
7201
8497
4615
4494
3455
1853
6839
9253
4569
2784
3067
8903
509
359
9411
1240
3517
7305
5630
7652
518
5316
1365
7265
2557
212
8564
7408
8325
6050
7363
8662
7758
7016
1123
5473
3703
4765
387
5625
7476
6737
466
8677
1755
2022
1727
8119
6376
8825
5693
5157
7408
1788
994
7157
4882
7249
9759
7332
8281
21
8537
947
1087
8518
581
9902
6220
3506
451
8282
3340
9038
9361
3723
4238
8976
8337
1471
1736
9018
7109
6955
3512
4148
7062
3216
3973
8516
9299
2649
9413
5132
7239
7507
9112
6800
7379
8905
9505
4498
4059
8395
1172
9964
861
9867
1035
7449
8011
8101
9730
8273
7578
2312
6339
8576
3475
1956
156
7377
5686
6818
2268
3708
4863
5322
5517
4473
8465
2421
